Order N: 10
a0 = 1.9585668445421437e-05
a1 = 0.2030230027016701, b1 = 0.00012836847593895184
a2 = 3.94980297169127e-05, b2 = -0.00025834286056742006
a3 = 0.20644514280567325, b3 = 0.0003915967352603529
a4 = 4.051164305500788e-05, b4 = -0.0005299451050030232
a5 = 0.21364759772526598, b5 = 0.0006754312600798037
a6 = 4.232177184286962e-05, b6 = -0.0008304359240404263
a7 = 0.2254456122254374, b7 = 0.000997821748490298
a8 = 4.5145841509539225e-05, b8 = -0.0011811329245214732
a9 = 0.24336431409450232, b9 = 0.0013848812752389615
a10 = 4.9382560275515966e-05, b10 = -0.0016149706675318842
Relative Error: 4.459775904547639
Adsolute Error: 1.032475529137637
